680
Version 1
ClassType 0
AttrType 0
Bonus 1: 0 0 0 1 0 0 0 0 0 0 0 0 0 0 0 0
Bonus 2: 0 1 0 1 0 0 0 0 0 0 0 0 0 0 0 0
Bonus 3: 1 1 0 1 0 0 0 0 0 0 0 0 0 0 0 0
Bonus 4: 1 1 0 2 0 0 0 0 0 0 0 0 0 0 0 0
Bonus 5: 1 2 0 2 0 0 0 0 0 0 0 0 0 0 0 0
Bonus 6: 2 2 0 2 0 0 0 0 0 0 0 0 0 0 0 0
Bonus 7: 2 2 0 3 0 0 0 0 0 0 0 0 0 0 0 0
Bonus 8: 2 2 0 3 0 0 0 0 0 0 0 0 0 0 0 0
Bonus 9: 2 2 0 3 0 0 0 0 0 0 0 0 0 0 0 0
Bonus 10: 2 2 0 3 0 0 0 0 0 0 0 0 0 0 0 0
Bonus 11: 2 2 0 3 0 0 0 0 0 0 0 0 0 0 0 0
Bonus 12: 2 2 0 3 0 0 0 0 0 0 0 0 0 0 0 0
Bonus 13: 2 2 0 3 0 0 0 0 0 0 0 0 0 0 0 0
Bonus 14: 2 2 0 3 0 0 0 0 0 0 0 0 0 0 0 0
Bonus 15: 2 2 0 3 0 0 0 0 0 0 0 0 0 0 0 0
AttrType 1
Bonus 1: 0 0 0 0 0 0 0 0 0 0 0 0 0 0 0 1
Bonus 2: 0 0 0 0 0 0 0 0 0 0 0 0 1 0 0 1
Bonus 3: 0 0 0 0 0 0 0 0 0 0 0 0 1 0 0 2
Bonus 4: 0 0 0 0 0 0 0 0 0 0 0 0 2 0 0 2
Bonus 5: 0 0 0 0 0 0 0 0 0 0 0 0 2 0 0 2
Bonus 6: 0 0 0 0 0 0 0 0 0 0 0 0 2 0 0 2
Bonus 7: 0 0 0 0 0 0 0 0 0 0 0 0 2 0 0 2
Bonus 8: 0 0 0 0 0 0 0 0 0 0 0 0 2 0 0 2
Bonus 9: 0 0 0 0 0 0 0 0 0 0 0 0 2 0 0 2
Bonus 10: 0 0 0 0 0 0 0 0 0 0 0 0 2 0 0 2
Bonus 11: 0 0 0 0 0 0 0 0 0 0 0 0 2 0 0 2
Bonus 12: 0 0 0 0 0 0 0 0 0 0 0 0 2 0 0 2
Bonus 13: 0 0 0 0 0 0 0 0 0 0 0 0 2 0 0 2
Bonus 14: 0 0 0 0 0 0 0 0 0 0 0 0 2 0 0 2
Bonus 15: 0 0 0 0 0 0 0 0 0 0 0 0 2 0 0 2
AttrType 2
Bonus 1: 0 0 0 0 0 0 1 0 0 0 0 0 0 0 0 0
Bonus 2: 0 0 0 0 0 1 1 0 0 0 0 0 0 0 0 0
Bonus 3: 0 0 0 0 0 1 2 0 0 0 0 0 0 0 0 0
Bonus 4: 0 0 0 0 0 2 2 0 0 0 0 0 0 0 0 0
Bonus 5: 0 0 0 0 0 2 2 0 0 0 0 1 0 0 0 0
Bonus 6: 0 0 0 0 0 2 2 0 0 0 0 1 0 0 0 0
Bonus 7: 0 0 0 0 0 2 2 0 0 0 0 1 0 0 0 0
Bonus 8: 0 0 0 0 0 2 2 0 0 0 0 1 0 0 0 0
Bonus 9: 0 0 0 0 0 2 2 0 0 0 0 1 0 0 0 0
Bonus 10: 0 0 0 0 0 2 2 0 0 0 0 1 0 0 0 0
Bonus 11: 0 0 0 0 0 2 2 0 0 0 0 1 0 0 0 0
Bonus 12: 0 0 0 0 0 2 2 0 0 0 0 1 0 0 0 0
Bonus 13: 0 0 0 0 0 2 2 0 0 0 0 1 0 0 0 0
Bonus 14: 0 0 0 0 0 2 2 0 0 0 0 1 0 0 0 0
Bonus 15: 0 0 0 0 0 2 2 0 0 0 0 1 0 0 0 0
AttrType 3
Bonus 1: 0 0 0 0 0 0 0 0 0 0 0 0 0 0 0 0
Bonus 2: 0 0 1 0 0 0 0 0 0 0 0 0 0 0 0 0
Bonus 3: 0 0 1 0 0 0 0 0 0 1 0 0 0 0 0 0
Bonus 4: 0 0 1 0 0 0 0 1 0 1 0 0 0 0 0 0
Bonus 5: 0 0 2 0 0 0 0 1 0 1 0 0 0 0 0 0
Bonus 6: 0 0 2 0 0 0 0 2 0 1 0 0 0 0 0 0
Bonus 7: 0 0 3 0 0 0 0 2 0 1 0 0 0 0 0 0
Bonus 8: 0 0 3 0 0 0 0 3 0 1 0 0 0 0 0 0
Bonus 9: 0 0 3 0 0 0 0 3 0 1 0 0 0 0 0 0
Bonus 10: 0 0 3 0 0 0 0 3 0 1 0 0 0 0 0 0
Bonus 11: 0 0 3 0 0 0 0 3 0 1 0 0 0 0 0 0
Bonus 12: 0 0 3 0 0 0 0 3 0 1 0 0 0 0 0 0
Bonus 13: 0 0 3 0 0 0 0 3 0 1 0 0 0 0 0 0
Bonus 14: 0 0 3 0 0 0 0 3 0 1 0 0 0 0 0 0
Bonus 15: 0 0 3 0 0 0 0 3 0 1 0 0 0 0 0 0
AttrType 4
Bonus 1: 0 0 0 1 0 0 0 0 0 0 0 0 0 0 0 0
Bonus 2: 0 0 0 1 0 0 0 0 0 0 1 0 0 0 0 0
Bonus 3: 0 0 0 1 1 0 0 0 0 0 1 0 0 0 0 0
Bonus 4: 0 0 0 1 1 0 0 0 0 0 2 0 0 0 0 0
Bonus 5: 0 0 0 1 2 0 0 0 0 0 2 0 0 0 0 0
Bonus 6: 0 0 0 1 2 0 0 0 0 0 3 0 0 0 0 0
Bonus 7: 0 0 0 1 3 0 0 0 0 0 3 0 0 0 0 0
Bonus 8: 0 0 0 1 4 0 0 0 0 0 3 0 0 0 0 0
Bonus 9: 0 0 0 1 4 0 0 0 0 0 3 0 0 0 0 0
Bonus 10: 0 0 0 1 4 0 0 0 0 0 3 0 0 0 0 0
Bonus 11: 0 0 0 1 4 0 0 0 0 0 3 0 0 0 0 0
Bonus 12: 0 0 0 1 4 0 0 0 0 0 3 0 0 0 0 0
Bonus 13: 0 0 0 1 4 0 0 0 0 0 3 0 0 0 0 0
Bonus 14: 0 0 0 1 4 0 0 0 0 0 3 0 0 0 0 0
Bonus 15: 0 0 0 1 4 0 0 0 0 0 3 0 0 0 0 0
AttrType 5
Bonus 1: 0 0 0 0 0 0 0 0 0 0 0 0 0 0 0 0
Bonus 2: 0 0 0 0 0 0 0 0 0 0 0 0 0 0 0 0
Bonus 3: 0 0 0 0 0 0 0 0 0 0 0 0 0 0 0 0
Bonus 4: 0 0 0 0 0 0 0 0 0 0 0 0 0 0 0 0
Bonus 5: 0 0 0 0 0 0 0 0 0 0 0 0 0 0 0 0
Bonus 6: 0 0 0 0 0 0 0 0 0 0 0 0 0 0 0 0
Bonus 7: 0 0 0 0 0 0 0 0 0 0 0 0 0 0 0 0
Bonus 8: 0 0 0 0 0 0 0 0 0 0 0 0 0 0 0 0
Bonus 9: 0 0 0 0 0 0 0 0 0 0 0 0 0 0 0 0
Bonus 10: 0 0 0 0 0 0 0 0 0 0 0 0 0 0 0 0
Bonus 11: 0 0 0 0 0 0 0 0 0 0 0 0 0 0 0 0
Bonus 12: 0 0 0 0 0 0 0 0 0 0 0 0 0 0 0 0
Bonus 13: 0 0 0 0 0 0 0 0 0 0 0 0 0 0 0 0
Bonus 14: 0 0 0 0 0 0 0 0 0 0 0 0 0 0 0 0
Bonus 15: 0 0 0 0 0 0 0 0 0 0 0 0 0 0 0 0
ClassType 1
AttrType 0
Bonus 1: 2 0 0 0 0 0 0 0 0 0 0 0 0 0 0 0
Bonus 2: 2 2 0 0 0 0 0 0 0 0 0 0 0 0 0 0
Bonus 3: 4 2 0 0 0 0 0 0 0 0 0 0 0 0 0 0
Bonus 4: 4 4 0 0 0 0 0 0 0 0 0 0 0 0 0 0
Bonus 5: 4 4 0 0 0 0 0 0 0 0 0 0 0 0 0 0
Bonus 6: 4 4 0 0 0 0 0 0 0 0 0 0 0 0 0 0
Bonus 7: 4 4 0 0 0 0 0 0 0 0 0 0 0 0 0 0
Bonus 8: 4 4 0 0 0 0 0 0 0 0 0 0 0 0 0 0
Bonus 9: 4 4 0 0 0 0 0 0 0 0 0 0 0 0 0 0
Bonus 10: 4 4 0 0 0 0 0 0 0 0 0 0 0 0 0 0
Bonus 11: 4 4 0 0 0 0 0 0 0 0 0 0 0 0 0 0
Bonus 12: 4 4 0 0 0 0 0 0 0 0 0 0 0 0 0 0
Bonus 13: 4 4 0 0 0 0 0 0 0 0 0 0 0 0 0 0
Bonus 14: 4 4 0 0 0 0 0 0 0 0 0 0 0 0 0 0
Bonus 15: 4 4 0 0 0 0 0 0 0 0 0 0 0 0 0 0
AttrType 1
Bonus 1: 0 0 0 0 0 0 0 0 0 0 0 0 0 0 0 1
Bonus 2: 0 0 0 0 0 0 0 0 0 0 0 0 1 0 0 1
Bonus 3: 0 0 0 0 0 0 0 0 0 0 0 0 1 0 0 2
Bonus 4: 0 0 0 0 0 0 0 0 0 0 0 0 2 0 0 2
Bonus 5: 0 0 0 0 0 0 0 0 0 0 0 0 2 0 0 2
Bonus 6: 0 0 0 0 0 0 0 0 0 0 0 0 2 0 0 2
Bonus 7: 0 0 0 0 0 0 0 0 0 0 0 0 2 0 0 2
Bonus 8: 0 0 0 0 0 0 0 0 0 0 0 0 2 0 0 2
Bonus 9: 0 0 0 0 0 0 0 0 0 0 0 0 2 0 0 2
Bonus 10: 0 0 0 0 0 0 0 0 0 0 0 0 2 0 0 2
Bonus 11: 0 0 0 0 0 0 0 0 0 0 0 0 2 0 0 2
Bonus 12: 0 0 0 0 0 0 0 0 0 0 0 0 2 0 0 2
Bonus 13: 0 0 0 0 0 0 0 0 0 0 0 0 2 0 0 2
Bonus 14: 0 0 0 0 0 0 0 0 0 0 0 0 2 0 0 2
Bonus 15: 0 0 0 0 0 0 0 0 0 0 0 0 2 0 0 2
AttrType 2
Bonus 1: 0 0 0 0 0 0 1 0 0 0 0 0 0 0 0 0
Bonus 2: 0 0 0 0 0 1 1 0 0 0 0 0 0 0 0 0
Bonus 3: 0 0 0 0 0 1 3 0 0 0 0 0 0 0 0 0
Bonus 4: 0 0 0 0 0 2 3 0 0 0 0 0 0 0 0 0
Bonus 5: 0 0 0 0 0 2 3 0 0 0 0 0 0 0 0 0
Bonus 6: 0 0 0 0 0 2 3 0 0 0 0 0 0 0 0 0
Bonus 7: 0 0 0 0 0 2 3 0 0 0 0 0 0 0 0 0
Bonus 8: 0 0 0 0 0 2 3 0 0 0 0 0 0 0 0 0
Bonus 9: 0 0 0 0 0 2 3 0 0 0 0 0 0 0 0 0
Bonus 10: 0 0 0 0 0 2 3 0 0 0 0 0 0 0 0 0
Bonus 11: 0 0 0 0 0 2 3 0 0 0 0 0 0 0 0 0
Bonus 12: 0 0 0 0 0 2 3 0 0 0 0 0 0 0 0 0
Bonus 13: 0 0 0 0 0 2 3 0 0 0 0 0 0 0 0 0
Bonus 14: 0 0 0 0 0 2 3 0 0 0 0 0 0 0 0 0
Bonus 15: 0 0 0 0 0 2 3 0 0 0 0 0 0 0 0 0
AttrType 3
Bonus 1: 0 0 1 0 0 0 0 0 0 0 0 0 0 0 0 0
Bonus 2: 0 0 1 0 0 0 0 1 0 0 0 0 0 0 0 0
Bonus 3: 0 0 3 0 0 0 0 1 0 0 0 0 0 0 0 0
Bonus 4: 0 0 3 0 0 0 0 3 0 0 0 0 0 0 0 0
Bonus 5: 0 0 3 0 0 0 0 3 0 0 0 0 0 0 0 0
Bonus 6: 0 0 3 0 0 0 0 3 0 0 0 0 0 0 0 0
Bonus 7: 0 0 3 0 0 0 0 3 0 0 0 0 0 0 0 0
Bonus 8: 0 0 3 0 0 0 0 3 0 0 0 0 0 0 0 0
Bonus 9: 0 0 3 0 0 0 0 3 0 0 0 0 0 0 0 0
Bonus 10: 0 0 3 0 0 0 0 3 0 0 0 0 0 0 0 0
Bonus 11: 0 0 3 0 0 0 0 3 0 0 0 0 0 0 0 0
Bonus 12: 0 0 3 0 0 0 0 3 0 0 0 0 0 0 0 0
Bonus 13: 0 0 3 0 0 0 0 3 0 0 0 0 0 0 0 0
Bonus 14: 0 0 3 0 0 0 0 3 0 0 0 0 0 0 0 0
Bonus 15: 0 0 3 0 0 0 0 3 0 0 0 0 0 0 0 0
AttrType 4
Bonus 1: 0 0 0 1 0 0 0 0 0 0 1 0 0 0 0 0
Bonus 2: 0 0 0 1 2 0 0 0 0 0 1 0 0 0 0 0
Bonus 3: 0 0 0 1 2 0 0 0 0 0 3 0 0 0 0 0
Bonus 4: 0 0 0 1 4 0 0 0 0 0 3 0 0 0 0 0
Bonus 5: 0 0 0 1 4 0 0 0 0 0 3 0 0 0 0 0
Bonus 6: 0 0 0 1 4 0 0 0 0 0 3 0 0 0 0 0
Bonus 7: 0 0 0 1 4 0 0 0 0 0 3 0 0 0 0 0
Bonus 8: 0 0 0 1 4 0 0 0 0 0 3 0 0 0 0 0
Bonus 9: 0 0 0 1 4 0 0 0 0 0 3 0 0 0 0 0
Bonus 10: 0 0 0 1 4 0 0 0 0 0 3 0 0 0 0 0
Bonus 11: 0 0 0 1 4 0 0 0 0 0 3 0 0 0 0 0
Bonus 12: 0 0 0 1 4 0 0 0 0 0 3 0 0 0 0 0
Bonus 13: 0 0 0 1 4 0 0 0 0 0 3 0 0 0 0 0
Bonus 14: 0 0 0 1 4 0 0 0 0 0 3 0 0 0 0 0
Bonus 15: 0 0 0 1 4 0 0 0 0 0 3 0 0 0 0 0
AttrType 5
Bonus 1: 0 0 0 0 0 0 0 0 0 0 0 0 0 0 0 0
Bonus 2: 0 0 0 0 0 0 0 0 0 0 0 0 0 0 0 0
Bonus 3: 0 0 0 0 0 0 0 0 0 0 0 0 0 0 0 0
Bonus 4: 0 0 0 0 0 0 0 0 0 0 0 0 0 0 0 0
Bonus 5: 0 0 0 0 0 0 0 0 0 0 0 0 0 0 0 0
Bonus 6: 0 0 0 0 0 0 0 0 0 0 0 0 0 0 0 0
Bonus 7: 0 0 0 0 0 0 0 0 0 0 0 0 0 0 0 0
Bonus 8: 0 0 0 0 0 0 0 0 0 0 0 0 0 0 0 0
Bonus 9: 0 0 0 0 0 0 0 0 0 0 0 0 0 0 0 0
Bonus 10: 0 0 0 0 0 0 0 0 0 0 0 0 0 0 0 0
Bonus 11: 0 0 0 0 0 0 0 0 0 0 0 0 0 0 0 0
Bonus 12: 0 0 0 0 0 0 0 0 0 0 0 0 0 0 0 0
Bonus 13: 0 0 0 0 0 0 0 0 0 0 0 0 0 0 0 0
Bonus 14: 0 0 0 0 0 0 0 0 0 0 0 0 0 0 0 0
Bonus 15: 0 0 0 0 0 0 0 0 0 0 0 0 0 0 0 0
ClassType 2
AttrType 0
Bonus 1: 0 1 0 0 0 0 0 0 0 0 0 0 0 0 0 0
Bonus 2: 1 1 0 0 0 0 0 0 0 0 0 0 0 0 0 0
Bonus 3: 1 2 0 0 0 0 0 0 0 0 0 0 0 0 0 0
Bonus 4: 2 2 0 0 0 0 0 0 0 0 0 0 0 0 0 0
Bonus 5: 2 2 0 2 0 0 0 0 0 0 0 0 0 0 0 0
Bonus 6: 2 2 0 2 0 0 0 0 0 0 0 0 0 0 0 0
Bonus 7: 2 2 0 2 0 0 0 0 0 0 0 0 0 0 0 0
Bonus 8: 2 2 0 2 0 0 0 0 0 0 0 0 0 0 0 0
Bonus 9: 2 2 0 2 0 0 0 0 0 0 0 0 0 0 0 0
Bonus 10: 2 2 0 2 0 0 0 0 0 0 0 0 0 0 0 0
Bonus 11: 2 2 0 2 0 0 0 0 0 0 0 0 0 0 0 0
Bonus 12: 2 2 0 2 0 0 0 0 0 0 0 0 0 0 0 0
Bonus 13: 2 2 0 2 0 0 0 0 0 0 0 0 0 0 0 0
Bonus 14: 2 2 0 2 0 0 0 0 0 0 0 0 0 0 0 0
Bonus 15: 2 2 0 2 0 0 0 0 0 0 0 0 0 0 0 0
AttrType 1
Bonus 1: 0 0 0 0 0 0 0 0 0 0 0 0 1 0 0 0
Bonus 2: 0 0 0 0 0 0 0 0 0 0 0 0 1 0 2 0
Bonus 3: 0 0 0 0 0 0 0 0 0 0 0 0 2 0 2 0
Bonus 4: 0 0 0 0 0 0 0 0 0 0 0 0 2 0 4 0
Bonus 5: 0 0 0 0 0 0 0 0 0 0 0 0 2 0 4 0
Bonus 6: 0 0 0 0 0 0 0 0 0 0 0 0 2 0 4 0
Bonus 7: 0 0 0 0 0 0 0 0 0 0 0 0 2 0 4 0
Bonus 8: 0 0 0 0 0 0 0 0 0 0 0 0 2 0 4 0
Bonus 9: 0 0 0 0 0 0 0 0 0 0 0 0 2 0 4 0
Bonus 10: 0 0 0 0 0 0 0 0 0 0 0 0 2 0 4 0
Bonus 11: 0 0 0 0 0 0 0 0 0 0 0 0 2 0 4 0
Bonus 12: 0 0 0 0 0 0 0 0 0 0 0 0 2 0 4 0
Bonus 13: 0 0 0 0 0 0 0 0 0 0 0 0 2 0 4 0
Bonus 14: 0 0 0 0 0 0 0 0 0 0 0 0 2 0 4 0
Bonus 15: 0 0 0 0 0 0 0 0 0 0 0 0 2 0 4 0
AttrType 2
Bonus 1: 0 0 0 0 0 0 1 0 0 0 0 0 0 0 0 0
Bonus 2: 0 0 0 0 0 0 1 0 0 0 0 1 0 0 0 0
Bonus 3: 0 0 0 0 0 1 1 0 0 0 0 1 0 0 0 0
Bonus 4: 0 0 0 0 0 1 2 0 0 0 0 1 0 0 0 0
Bonus 5: 0 0 0 0 0 1 2 0 0 0 0 2 0 0 0 0
Bonus 6: 0 0 0 0 0 2 2 0 0 0 0 2 0 0 0 0
Bonus 7: 0 0 0 0 0 2 2 0 0 0 0 2 0 0 0 0
Bonus 8: 0 0 0 0 0 2 2 0 0 0 0 2 0 0 0 0
Bonus 9: 0 0 0 0 0 2 2 0 0 0 0 2 0 0 0 0
Bonus 10: 0 0 0 0 0 2 2 0 0 0 0 2 0 0 0 0
Bonus 11: 0 0 0 0 0 2 2 0 0 0 0 2 0 0 0 0
Bonus 12: 0 0 0 0 0 2 2 0 0 0 0 2 0 0 0 0
Bonus 13: 0 0 0 0 0 2 2 0 0 0 0 2 0 0 0 0
Bonus 14: 0 0 0 0 0 2 2 0 0 0 0 2 0 0 0 0
Bonus 15: 0 0 0 0 0 2 2 0 0 0 0 2 0 0 0 0
AttrType 3
Bonus 1: 0 0 0 0 0 0 0 0 2 0 0 0 0 0 0 0
Bonus 2: 0 0 0 0 0 0 0 0 2 2 0 0 0 0 0 0
Bonus 3: 0 0 1 0 0 0 0 0 2 2 0 0 0 0 0 0
Bonus 4: 0 0 1 0 0 0 0 0 3 2 0 0 0 0 0 0
Bonus 5: 0 0 1 0 0 0 0 0 3 3 0 0 0 0 0 0
Bonus 6: 0 0 2 0 0 0 0 0 3 3 0 0 0 0 0 0
Bonus 7: 0 0 2 0 0 0 0 0 3 3 0 0 0 0 0 0
Bonus 8: 0 0 2 0 0 0 0 0 3 3 0 0 0 0 0 0
Bonus 9: 0 0 2 0 0 0 0 0 3 3 0 0 0 0 0 0
Bonus 10: 0 0 2 0 0 0 0 0 3 3 0 0 0 0 0 0
Bonus 11: 0 0 2 0 0 0 0 0 3 3 0 0 0 0 0 0
Bonus 12: 0 0 2 0 0 0 0 0 3 3 0 0 0 0 0 0
Bonus 13: 0 0 2 0 0 0 0 0 3 3 0 0 0 0 0 0
Bonus 14: 0 0 2 0 0 0 0 0 3 3 0 0 0 0 0 0
Bonus 15: 0 0 2 0 0 0 0 0 3 3 0 0 0 0 0 0
AttrType 4
Bonus 1: 0 0 0 0 0 0 0 0 0 0 1 0 0 0 0 0
Bonus 2: 0 0 0 0 1 0 0 0 0 0 1 0 0 0 0 0
Bonus 3: 0 0 0 2 1 0 0 0 0 0 1 0 0 0 0 0
Bonus 4: 0 0 0 2 2 0 0 0 0 0 1 0 0 0 0 0
Bonus 5: 0 0 0 2 3 0 0 0 0 0 1 0 0 0 0 0
Bonus 6: 0 0 0 2 3 0 0 0 0 0 2 0 0 0 0 0
Bonus 7: 0 0 0 2 3 0 0 0 0 0 2 0 0 0 0 0
Bonus 8: 0 0 0 2 3 0 0 0 0 0 2 0 0 0 0 0
Bonus 9: 0 0 0 2 3 0 0 0 0 0 2 0 0 0 0 0
Bonus 10: 0 0 0 2 3 0 0 0 0 0 2 0 0 0 0 0
Bonus 11: 0 0 0 2 3 0 0 0 0 0 2 0 0 0 0 0
Bonus 12: 0 0 0 2 3 0 0 0 0 0 2 0 0 0 0 0
Bonus 13: 0 0 0 2 3 0 0 0 0 0 2 0 0 0 0 0
Bonus 14: 0 0 0 2 3 0 0 0 0 0 2 0 0 0 0 0
Bonus 15: 0 0 0 2 3 0 0 0 0 0 2 0 0 0 0 0
AttrType 5
Bonus 1: 0 0 0 0 0 0 0 0 0 0 0 0 0 0 0 0
Bonus 2: 0 0 0 0 0 0 0 0 0 0 0 0 0 0 0 0
Bonus 3: 0 0 0 0 0 0 0 0 0 0 0 0 0 0 0 0
Bonus 4: 0 0 0 0 0 0 0 0 0 0 0 0 0 0 0 0
Bonus 5: 0 0 0 0 0 0 0 0 0 0 0 0 0 0 0 0
Bonus 6: 0 0 0 0 0 0 0 0 0 0 0 0 0 0 0 0
Bonus 7: 0 0 0 0 0 0 0 0 0 0 0 0 0 0 0 0
Bonus 8: 0 0 0 0 0 0 0 0 0 0 0 0 0 0 0 0
Bonus 9: 0 0 0 0 0 0 0 0 0 0 0 0 0 0 0 0
Bonus 10: 0 0 0 0 0 0 0 0 0 0 0 0 0 0 0 0
Bonus 11: 0 0 0 0 0 0 0 0 0 0 0 0 0 0 0 0
Bonus 12: 0 0 0 0 0 0 0 0 0 0 0 0 0 0 0 0
Bonus 13: 0 0 0 0 0 0 0 0 0 0 0 0 0 0 0 0
Bonus 14: 0 0 0 0 0 0 0 0 0 0 0 0 0 0 0 0
Bonus 15: 0 0 0 0 0 0 0 0 0 0 0 0 0 0 0 0
ClassType 3
AttrType 0
Bonus 1: 0 0 0 1 0 0 0 0 0 0 0 0 0 0 0 0
Bonus 2: 0 1 0 1 0 0 0 0 0 0 0 0 0 0 0 0
Bonus 3: 1 1 0 1 0 0 0 0 0 0 0 0 0 0 0 0
Bonus 4: 1 2 0 1 0 0 0 0 0 0 0 0 0 0 0 0
Bonus 5: 2 2 0 1 0 0 0 0 0 0 0 0 0 0 0 0
Bonus 6: 2 2 0 1 0 0 0 0 0 0 0 0 0 0 0 0
Bonus 7: 2 2 0 1 0 0 0 0 0 0 0 0 0 0 0 0
Bonus 8: 2 2 0 1 0 0 0 0 0 0 0 0 0 0 0 0
Bonus 9: 2 2 0 1 0 0 0 0 0 0 0 0 0 0 0 0
Bonus 10: 2 2 0 1 0 0 0 0 0 0 0 0 0 0 0 0
Bonus 11: 2 2 0 1 0 0 0 0 0 0 0 0 0 0 0 0
Bonus 12: 2 2 0 1 0 0 0 0 0 0 0 0 0 0 0 0
Bonus 13: 2 2 0 1 0 0 0 0 0 0 0 0 0 0 0 0
Bonus 14: 2 2 0 1 0 0 0 0 0 0 0 0 0 0 0 0
Bonus 15: 2 2 0 1 0 0 0 0 0 0 0 0 0 0 0 0
AttrType 1
Bonus 1: 0 0 0 0 0 0 0 0 0 0 0 0 0 1 0 0
Bonus 2: 0 0 0 0 0 0 0 0 0 0 0 0 1 1 0 0
Bonus 3: 0 0 0 0 0 0 0 0 0 0 0 0 1 1 2 0
Bonus 4: 0 0 0 0 0 0 0 0 0 0 0 0 1 1 4 0
Bonus 5: 0 0 0 0 0 0 0 0 0 0 0 0 1 1 6 0
Bonus 6: 0 0 0 0 0 0 0 0 0 0 0 0 1 1 8 0
Bonus 7: 0 0 0 0 0 0 0 0 0 0 0 0 1 1 8 0
Bonus 8: 0 0 0 0 0 0 0 0 0 0 0 0 1 1 8 0
Bonus 9: 0 0 0 0 0 0 0 0 0 0 0 0 1 1 8 0
Bonus 10: 0 0 0 0 0 0 0 0 0 0 0 0 1 1 8 0
Bonus 11: 0 0 0 0 0 0 0 0 0 0 0 0 1 1 8 0
Bonus 12: 0 0 0 0 0 0 0 0 0 0 0 0 1 1 8 0
Bonus 13: 0 0 0 0 0 0 0 0 0 0 0 0 1 1 8 0
Bonus 14: 0 0 0 0 0 0 0 0 0 0 0 0 1 1 8 0
Bonus 15: 0 0 0 0 0 0 0 0 0 0 0 0 1 1 8 0
AttrType 2
Bonus 1: 0 0 0 0 0 0 0 0 0 0 0 1 0 0 0 0
Bonus 2: 0 0 0 0 0 1 0 0 0 0 0 1 0 0 0 0
Bonus 3: 0 0 0 0 0 1 1 0 0 0 0 1 0 0 0 0
Bonus 4: 0 0 0 0 0 2 1 0 0 0 0 1 0 0 0 0
Bonus 5: 0 0 0 0 0 2 1 0 0 0 0 2 0 0 0 0
Bonus 6: 0 0 0 0 0 3 1 0 0 0 0 2 0 0 0 0
Bonus 7: 0 0 0 0 0 3 1 0 0 0 0 2 0 0 0 0
Bonus 8: 0 0 0 0 0 3 1 0 0 0 0 2 0 0 0 0
Bonus 9: 0 0 0 0 0 3 1 0 0 0 0 2 0 0 0 0
Bonus 10: 0 0 0 0 0 3 1 0 0 0 0 2 0 0 0 0
Bonus 11: 0 0 0 0 0 3 1 0 0 0 0 2 0 0 0 0
Bonus 12: 0 0 0 0 0 3 1 0 0 0 0 2 0 0 0 0
Bonus 13: 0 0 0 0 0 3 1 0 0 0 0 2 0 0 0 0
Bonus 14: 0 0 0 0 0 3 1 0 0 0 0 2 0 0 0 0
Bonus 15: 0 0 0 0 0 3 1 0 0 0 0 2 0 0 0 0
AttrType 3
Bonus 1: 0 0 1 0 0 0 0 0 0 0 0 0 0 0 0 0
Bonus 2: 0 0 1 0 0 0 0 1 0 0 0 0 0 0 0 0
Bonus 3: 0 0 2 0 0 0 0 1 0 0 0 0 0 0 0 0
Bonus 4: 0 0 2 0 0 0 0 2 0 0 0 0 0 0 0 0
Bonus 5: 0 0 2 0 0 0 0 2 0 0 0 0 0 0 0 0
Bonus 6: 0 0 2 0 0 0 0 2 0 0 0 0 0 0 0 0
Bonus 7: 0 0 2 0 0 0 0 2 0 0 0 0 0 0 0 0
Bonus 8: 0 0 2 0 0 0 0 2 0 0 0 0 0 0 0 0
Bonus 9: 0 0 2 0 0 0 0 2 0 0 0 0 0 0 0 0
Bonus 10: 0 0 2 0 0 0 0 2 0 0 0 0 0 0 0 0
Bonus 11: 0 0 2 0 0 0 0 2 0 0 0 0 0 0 0 0
Bonus 12: 0 0 2 0 0 0 0 2 0 0 0 0 0 0 0 0
Bonus 13: 0 0 2 0 0 0 0 2 0 0 0 0 0 0 0 0
Bonus 14: 0 0 2 0 0 0 0 2 0 0 0 0 0 0 0 0
Bonus 15: 0 0 2 0 0 0 0 2 0 0 0 0 0 0 0 0
AttrType 4
Bonus 1: 0 0 0 1 0 0 0 0 0 0 0 0 0 0 0 0
Bonus 2: 0 0 0 1 0 0 0 0 0 0 1 0 0 0 0 0
Bonus 3: 0 0 0 2 0 0 0 0 0 0 1 0 0 0 0 0
Bonus 4: 0 0 0 2 0 0 0 0 0 0 2 0 0 0 0 0
Bonus 5: 0 0 0 2 1 0 0 0 0 0 2 0 0 0 0 0
Bonus 6: 0 0 0 2 2 0 0 0 0 0 2 0 0 0 0 0
Bonus 7: 0 0 0 2 2 0 0 0 0 0 2 0 0 0 0 0
Bonus 8: 0 0 0 2 2 0 0 0 0 0 2 0 0 0 0 0
Bonus 9: 0 0 0 2 2 0 0 0 0 0 2 0 0 0 0 0
Bonus 10: 0 0 0 2 2 0 0 0 0 0 2 0 0 0 0 0
Bonus 11: 0 0 0 2 2 0 0 0 0 0 2 0 0 0 0 0
Bonus 12: 0 0 0 2 2 0 0 0 0 0 2 0 0 0 0 0
Bonus 13: 0 0 0 2 2 0 0 0 0 0 2 0 0 0 0 0
Bonus 14: 0 0 0 2 2 0 0 0 0 0 2 0 0 0 0 0
Bonus 15: 0 0 0 2 2 0 0 0 0 0 2 0 0 0 0 0
AttrType 5
Bonus 1: 0 0 0 0 0 0 0 0 0 0 0 0 0 0 0 0
Bonus 2: 0 0 0 0 0 0 0 0 0 0 0 0 0 0 0 0
Bonus 3: 0 0 0 0 0 0 0 0 0 0 0 0 0 0 0 0
Bonus 4: 0 0 0 0 0 0 0 0 0 0 0 0 0 0 0 0
Bonus 5: 0 0 0 0 0 0 0 0 0 0 0 0 0 0 0 0
Bonus 6: 0 0 0 0 0 0 0 0 0 0 0 0 0 0 0 0
Bonus 7: 0 0 0 0 0 0 0 0 0 0 0 0 0 0 0 0
Bonus 8: 0 0 0 0 0 0 0 0 0 0 0 0 0 0 0 0
Bonus 9: 0 0 0 0 0 0 0 0 0 0 0 0 0 0 0 0
Bonus 10: 0 0 0 0 0 0 0 0 0 0 0 0 0 0 0 0
Bonus 11: 0 0 0 0 0 0 0 0 0 0 0 0 0 0 0 0
Bonus 12: 0 0 0 0 0 0 0 0 0 0 0 0 0 0 0 0
Bonus 13: 0 0 0 0 0 0 0 0 0 0 0 0 0 0 0 0
Bonus 14: 0 0 0 0 0 0 0 0 0 0 0 0 0 0 0 0
Bonus 15: 0 0 0 0 0 0 0 0 0 0 0 0 0 0 0 0
ClassType 4
AttrType 0
Bonus 1: 0 0 0 2 0 0 0 0 0 0 0 0 0 0 0 0
Bonus 2: 0 1 0 2 0 0 0 0 0 0 0 0 0 0 0 0
Bonus 3: 1 1 0 2 0 0 0 0 0 0 0 0 0 0 0 0
Bonus 4: 1 1 0 3 0 0 0 0 0 0 0 0 0 0 0 0
Bonus 5: 2 1 0 3 0 0 0 0 0 0 0 0 0 0 0 0
Bonus 6: 2 2 0 3 0 0 0 0 0 0 0 0 0 0 0 0
Bonus 7: 2 2 0 3 0 0 0 0 0 0 0 0 0 0 0 0
Bonus 8: 2 2 0 3 0 0 0 0 0 0 0 0 0 0 0 0
Bonus 9: 2 2 0 3 0 0 0 0 0 0 0 0 0 0 0 0
Bonus 10: 2 2 0 3 0 0 0 0 0 0 0 0 0 0 0 0
Bonus 11: 2 2 0 3 0 0 0 0 0 0 0 0 0 0 0 0
Bonus 12: 2 2 0 3 0 0 0 0 0 0 0 0 0 0 0 0
Bonus 13: 2 2 0 3 0 0 0 0 0 0 0 0 0 0 0 0
Bonus 14: 2 2 0 3 0 0 0 0 0 0 0 0 0 0 0 0
Bonus 15: 2 2 0 3 0 0 0 0 0 0 0 0 0 0 0 0
AttrType 1
Bonus 1: 0 0 0 0 0 0 0 0 0 0 0 0 1 0 0 0
Bonus 2: 0 0 0 0 0 0 0 0 0 0 0 0 1 0 0 1
Bonus 3: 0 0 0 0 0 0 0 0 0 0 0 0 2 0 0 1
Bonus 4: 0 0 0 0 0 0 0 0 0 0 0 0 2 0 0 2
Bonus 5: 0 0 0 0 0 0 0 0 0 0 0 0 2 0 0 2
Bonus 6: 0 0 0 0 0 0 0 0 0 0 0 0 2 0 0 2
Bonus 7: 0 0 0 0 0 0 0 0 0 0 0 0 2 0 0 2
Bonus 8: 0 0 0 0 0 0 0 0 0 0 0 0 2 0 0 2
Bonus 9: 0 0 0 0 0 0 0 0 0 0 0 0 2 0 0 2
Bonus 10: 0 0 0 0 0 0 0 0 0 0 0 0 2 0 0 2
Bonus 11: 0 0 0 0 0 0 0 0 0 0 0 0 2 0 0 2
Bonus 12: 0 0 0 0 0 0 0 0 0 0 0 0 2 0 0 2
Bonus 13: 0 0 0 0 0 0 0 0 0 0 0 0 2 0 0 2
Bonus 14: 0 0 0 0 0 0 0 0 0 0 0 0 2 0 0 2
Bonus 15: 0 0 0 0 0 0 0 0 0 0 0 0 2 0 0 2
AttrType 2
Bonus 1: 0 0 0 0 0 0 1 0 0 0 0 0 0 0 0 0
Bonus 2: 0 0 0 0 0 0 1 0 0 0 0 1 0 0 0 0
Bonus 3: 0 0 0 0 0 1 1 0 0 0 0 1 0 0 0 0
Bonus 4: 0 0 0 0 0 1 2 0 0 0 0 1 0 0 0 0
Bonus 5: 0 0 0 0 0 1 3 0 0 0 0 1 0 0 0 0
Bonus 6: 0 0 0 0 0 1 4 0 0 0 0 1 0 0 0 0
Bonus 7: 0 0 0 0 0 1 4 0 0 0 0 1 0 0 0 0
Bonus 8: 0 0 0 0 0 1 4 0 0 0 0 1 0 0 0 0
Bonus 9: 0 0 0 0 0 1 4 0 0 0 0 1 0 0 0 0
Bonus 10: 0 0 0 0 0 1 4 0 0 0 0 1 0 0 0 0
Bonus 11: 0 0 0 0 0 1 4 0 0 0 0 1 0 0 0 0
Bonus 12: 0 0 0 0 0 1 4 0 0 0 0 1 0 0 0 0
Bonus 13: 0 0 0 0 0 1 4 0 0 0 0 1 0 0 0 0
Bonus 14: 0 0 0 0 0 1 4 0 0 0 0 1 0 0 0 0
Bonus 15: 0 0 0 0 0 1 4 0 0 0 0 1 0 0 0 0
AttrType 3
Bonus 1: 0 0 0 0 0 0 0 2 0 0 0 0 0 0 0 0
Bonus 2: 0 0 1 0 0 0 0 2 1 0 0 0 0 0 0 0
Bonus 3: 0 0 1 0 0 0 0 2 2 2 0 0 0 0 0 0
Bonus 4: 0 0 1 0 0 0 0 2 2 2 0 0 0 0 0 0
Bonus 5: 0 0 1 0 0 0 0 2 2 2 0 0 0 0 0 0
Bonus 6: 0 0 1 0 0 0 0 2 2 2 0 0 0 0 0 0
Bonus 7: 0 0 1 0 0 0 0 2 2 2 0 0 0 0 0 0
Bonus 8: 0 0 1 0 0 0 0 2 2 2 0 0 0 0 0 0
Bonus 9: 0 0 1 0 0 0 0 2 2 2 0 0 0 0 0 0
Bonus 10: 0 0 1 0 0 0 0 2 2 2 0 0 0 0 0 0
Bonus 11: 0 0 1 0 0 0 0 2 2 2 0 0 0 0 0 0
Bonus 12: 0 0 1 0 0 0 0 2 2 2 0 0 0 0 0 0
Bonus 13: 0 0 1 0 0 0 0 2 2 2 0 0 0 0 0 0
Bonus 14: 0 0 1 0 0 0 0 2 2 2 0 0 0 0 0 0
Bonus 15: 0 0 1 0 0 0 0 2 2 2 0 0 0 0 0 0
AttrType 4
Bonus 1: 0 0 0 1 0 0 0 0 0 0 0 0 0 0 0 0
Bonus 2: 0 0 0 1 0 0 0 0 0 0 1 0 0 0 0 0
Bonus 3: 0 0 0 1 1 0 0 0 0 0 1 0 0 0 0 0
Bonus 4: 0 0 0 1 1 0 0 0 0 0 2 0 0 0 0 0
Bonus 5: 0 0 0 1 2 0 0 0 0 0 2 0 0 0 0 0
Bonus 6: 0 0 0 1 2 0 0 0 0 0 2 0 0 0 0 0
Bonus 7: 0 0 0 1 2 0 0 0 0 0 2 0 0 0 0 0
Bonus 8: 0 0 0 1 2 0 0 0 0 0 2 0 0 0 0 0
Bonus 9: 0 0 0 1 2 0 0 0 0 0 2 0 0 0 0 0
Bonus 10: 0 0 0 1 2 0 0 0 0 0 2 0 0 0 0 0
Bonus 11: 0 0 0 1 2 0 0 0 0 0 2 0 0 0 0 0
Bonus 12: 0 0 0 1 2 0 0 0 0 0 2 0 0 0 0 0
Bonus 13: 0 0 0 1 2 0 0 0 0 0 2 0 0 0 0 0
Bonus 14: 0 0 0 1 2 0 0 0 0 0 2 0 0 0 0 0
Bonus 15: 0 0 0 1 2 0 0 0 0 0 2 0 0 0 0 0
AttrType 5
Bonus 1: 0 0 0 0 0 0 0 0 0 0 0 0 0 0 0 0
Bonus 2: 0 0 0 0 0 0 0 0 0 0 0 0 0 0 0 0
Bonus 3: 0 0 0 0 0 0 0 0 0 0 0 0 0 0 0 0
Bonus 4: 0 0 0 0 0 0 0 0 0 0 0 0 0 0 0 0
Bonus 5: 0 0 0 0 0 0 0 0 0 0 0 0 0 0 0 0
Bonus 6: 0 0 0 0 0 0 0 0 0 0 0 0 0 0 0 0
Bonus 7: 0 0 0 0 0 0 0 0 0 0 0 0 0 0 0 0
Bonus 8: 0 0 0 0 0 0 0 0 0 0 0 0 0 0 0 0
Bonus 9: 0 0 0 0 0 0 0 0 0 0 0 0 0 0 0 0
Bonus 10: 0 0 0 0 0 0 0 0 0 0 0 0 0 0 0 0
Bonus 11: 0 0 0 0 0 0 0 0 0 0 0 0 0 0 0 0
Bonus 12: 0 0 0 0 0 0 0 0 0 0 0 0 0 0 0 0
Bonus 13: 0 0 0 0 0 0 0 0 0 0 0 0 0 0 0 0
Bonus 14: 0 0 0 0 0 0 0 0 0 0 0 0 0 0 0 0
Bonus 15: 0 0 0 0 0 0 0 0 0 0 0 0 0 0 0 0
ClassType 5
AttrType 0
Bonus 1: 1 0 0 0 0 0 0 0 0 0 0 0 0 0 0 0
Bonus 2: 1 1 0 0 0 0 0 0 0 0 0 0 0 0 0 0
Bonus 3: 1 1 0 1 0 0 0 0 0 0 0 0 0 0 0 0
Bonus 4: 3 1 0 1 0 0 0 0 0 0 0 0 0 0 0 0
Bonus 5: 3 3 0 1 0 0 0 0 0 0 0 0 0 0 0 0
Bonus 6: 3 3 0 1 0 0 0 0 0 0 0 0 0 0 0 0
Bonus 7: 3 3 0 1 0 0 0 0 0 0 0 0 0 0 0 0
Bonus 8: 3 3 0 1 0 0 0 0 0 0 0 0 0 0 0 0
Bonus 9: 3 3 0 1 0 0 0 0 0 0 0 0 0 0 0 0
Bonus 10: 3 3 0 1 0 0 0 0 0 0 0 0 0 0 0 0
Bonus 11: 3 3 0 1 0 0 0 0 0 0 0 0 0 0 0 0
Bonus 12: 3 3 0 1 0 0 0 0 0 0 0 0 0 0 0 0
Bonus 13: 3 3 0 1 0 0 0 0 0 0 0 0 0 0 0 0
Bonus 14: 3 3 0 1 0 0 0 0 0 0 0 0 0 0 0 0
Bonus 15: 3 3 0 1 0 0 0 0 0 0 0 0 0 0 0 0
AttrType 1
Bonus 1: 0 0 0 0 0 0 0 0 0 0 0 0 2 0 0 0
Bonus 2: 0 0 0 0 0 0 0 0 0 0 0 0 2 1 0 0
Bonus 3: 0 0 0 0 0 0 0 0 0 0 0 0 3 1 0 0
Bonus 4: 0 0 0 0 0 0 0 0 0 0 0 0 3 2 0 0
Bonus 5: 0 0 0 0 0 0 0 0 0 0 0 0 4 2 0 0
Bonus 6: 0 0 0 0 0 0 0 0 0 0 0 0 4 3 0 0
Bonus 7: 0 0 0 0 0 0 0 0 0 0 0 0 4 3 0 0
Bonus 8: 0 0 0 0 0 0 0 0 0 0 0 0 4 3 0 0
Bonus 9: 0 0 0 0 0 0 0 0 0 0 0 0 4 3 0 0
Bonus 10: 0 0 0 0 0 0 0 0 0 0 0 0 4 3 0 0
Bonus 11: 0 0 0 0 0 0 0 0 0 0 0 0 4 3 0 0
Bonus 12: 0 0 0 0 0 0 0 0 0 0 0 0 4 3 0 0
Bonus 13: 0 0 0 0 0 0 0 0 0 0 0 0 4 3 0 0
Bonus 14: 0 0 0 0 0 0 0 0 0 0 0 0 4 3 0 0
Bonus 15: 0 0 0 0 0 0 0 0 0 0 0 0 4 3 0 0
AttrType 2
Bonus 1: 0 0 0 0 0 0 0 0 0 0 0 1 0 0 0 0
Bonus 2: 0 0 0 0 0 0 2 0 0 0 0 1 0 0 0 0
Bonus 3: 0 0 0 0 0 1 2 0 0 0 0 1 0 0 0 0
Bonus 4: 0 0 0 0 0 1 2 0 0 0 0 2 0 0 0 0
Bonus 5: 0 0 0 0 0 2 2 0 0 0 0 2 0 0 0 0
Bonus 6: 0 0 0 0 0 2 2 0 0 0 0 2 0 0 0 0
Bonus 7: 0 0 0 0 0 2 2 0 0 0 0 2 0 0 0 0
Bonus 8: 0 0 0 0 0 2 2 0 0 0 0 2 0 0 0 0
Bonus 9: 0 0 0 0 0 2 2 0 0 0 0 2 0 0 0 0
Bonus 10: 0 0 0 0 0 2 2 0 0 0 0 2 0 0 0 0
Bonus 11: 0 0 0 0 0 2 2 0 0 0 0 2 0 0 0 0
Bonus 12: 0 0 0 0 0 2 2 0 0 0 0 2 0 0 0 0
Bonus 13: 0 0 0 0 0 2 2 0 0 0 0 2 0 0 0 0
Bonus 14: 0 0 0 0 0 2 2 0 0 0 0 2 0 0 0 0
Bonus 15: 0 0 0 0 0 2 2 0 0 0 0 2 0 0 0 0
AttrType 3
Bonus 1: 0 0 1 0 0 0 0 0 0 0 0 0 0 0 0 0
Bonus 2: 0 0 1 0 0 0 0 1 0 0 0 0 0 0 0 0
Bonus 3: 0 0 2 0 0 0 0 1 0 0 0 0 0 0 0 0
Bonus 4: 0 0 2 0 0 0 0 2 0 0 0 0 0 0 0 0
Bonus 5: 0 0 2 0 0 0 0 2 0 0 0 0 0 0 0 0
Bonus 6: 0 0 2 0 0 0 0 2 0 0 0 0 0 0 0 0
Bonus 7: 0 0 2 0 0 0 0 2 0 0 0 0 0 0 0 0
Bonus 8: 0 0 2 0 0 0 0 2 0 0 0 0 0 0 0 0
Bonus 9: 0 0 2 0 0 0 0 2 0 0 0 0 0 0 0 0
Bonus 10: 0 0 2 0 0 0 0 2 0 0 0 0 0 0 0 0
Bonus 11: 0 0 2 0 0 0 0 2 0 0 0 0 0 0 0 0
Bonus 12: 0 0 2 0 0 0 0 2 0 0 0 0 0 0 0 0
Bonus 13: 0 0 2 0 0 0 0 2 0 0 0 0 0 0 0 0
Bonus 14: 0 0 2 0 0 0 0 2 0 0 0 0 0 0 0 0
Bonus 15: 0 0 2 0 0 0 0 2 0 0 0 0 0 0 0 0
AttrType 4
Bonus 1: 0 0 0 0 0 0 0 0 0 0 1 0 0 0 0 0
Bonus 2: 0 0 0 0 1 0 0 0 0 0 1 0 0 0 0 0
Bonus 3: 0 0 0 0 1 0 0 0 0 0 3 0 0 0 0 0
Bonus 4: 0 0 0 0 3 0 0 0 0 0 3 0 0 0 0 0
Bonus 5: 0 0 0 0 3 0 0 0 0 0 3 0 0 0 0 0
Bonus 6: 0 0 0 0 3 0 0 0 0 0 3 0 0 0 0 0
Bonus 7: 0 0 0 0 3 0 0 0 0 0 3 0 0 0 0 0
Bonus 8: 0 0 0 0 3 0 0 0 0 0 3 0 0 0 0 0
Bonus 9: 0 0 0 0 3 0 0 0 0 0 3 0 0 0 0 0
Bonus 10: 0 0 0 0 3 0 0 0 0 0 3 0 0 0 0 0
Bonus 11: 0 0 0 0 3 0 0 0 0 0 3 0 0 0 0 0
Bonus 12: 0 0 0 0 3 0 0 0 0 0 3 0 0 0 0 0
Bonus 13: 0 0 0 0 3 0 0 0 0 0 3 0 0 0 0 0
Bonus 14: 0 0 0 0 3 0 0 0 0 0 3 0 0 0 0 0
Bonus 15: 0 0 0 0 3 0 0 0 0 0 3 0 0 0 0 0
AttrType 5
Bonus 1: 0 0 0 0 0 0 0 0 0 0 0 0 0 0 0 0
Bonus 2: 0 0 0 0 0 0 0 0 0 0 0 0 0 0 0 0
Bonus 3: 0 0 0 0 0 0 0 0 0 0 0 0 0 0 0 0
Bonus 4: 0 0 0 0 0 0 0 0 0 0 0 0 0 0 0 0
Bonus 5: 0 0 0 0 0 0 0 0 0 0 0 0 0 0 0 0
Bonus 6: 0 0 0 0 0 0 0 0 0 0 0 0 0 0 0 0
Bonus 7: 0 0 0 0 0 0 0 0 0 0 0 0 0 0 0 0
Bonus 8: 0 0 0 0 0 0 0 0 0 0 0 0 0 0 0 0
Bonus 9: 0 0 0 0 0 0 0 0 0 0 0 0 0 0 0 0
Bonus 10: 0 0 0 0 0 0 0 0 0 0 0 0 0 0 0 0
Bonus 11: 0 0 0 0 0 0 0 0 0 0 0 0 0 0 0 0
Bonus 12: 0 0 0 0 0 0 0 0 0 0 0 0 0 0 0 0
Bonus 13: 0 0 0 0 0 0 0 0 0 0 0 0 0 0 0 0
Bonus 14: 0 0 0 0 0 0 0 0 0 0 0 0 0 0 0 0
Bonus 15: 0 0 0 0 0 0 0 0 0 0 0 0 0 0 0 0
ClassType 6
AttrType 0
Bonus 1: 1 0 0 0 0 0 0 0 0 0 0 0 0 0 0 0
Bonus 2: 1 1 0 0 0 0 0 0 0 0 0 0 0 0 0 0
Bonus 3: 2 1 0 0 0 0 0 0 0 0 0 0 0 0 0 0
Bonus 4: 2 2 0 0 0 0 0 0 0 0 0 0 0 0 0 0
Bonus 5: 3 2 0 0 0 0 0 0 0 0 0 0 0 0 0 0
Bonus 6: 4 2 0 0 0 0 0 0 0 0 0 0 0 0 0 0
Bonus 7: 4 2 0 1 0 0 0 0 0 0 0 0 0 0 0 0
Bonus 8: 4 2 0 1 0 0 0 0 0 0 0 0 0 0 0 0
Bonus 9: 4 2 0 1 0 0 0 0 0 0 0 0 0 0 0 0
Bonus 10: 4 2 0 1 0 0 0 0 0 0 0 0 0 0 0 0
Bonus 11: 4 2 0 1 0 0 0 0 0 0 0 0 0 0 0 0
Bonus 12: 4 2 0 1 0 0 0 0 0 0 0 0 0 0 0 0
Bonus 13: 4 2 0 1 0 0 0 0 0 0 0 0 0 0 0 0
Bonus 14: 4 2 0 1 0 0 0 0 0 0 0 0 0 0 0 0
Bonus 15: 4 2 0 1 0 0 0 0 0 0 0 0 0 0 0 0
AttrType 1
Bonus 1: 0 0 0 0 0 0 0 0 0 0 0 0 1 0 0 0
Bonus 2: 0 0 0 0 0 0 0 0 0 0 0 0 1 0 0 1
Bonus 3: 0 0 0 0 0 0 0 0 0 0 0 0 1 0 0 2
Bonus 4: 0 0 0 0 0 0 0 0 0 0 0 0 1 1 0 2
Bonus 5: 0 0 0 0 0 0 0 0 0 0 0 0 1 2 0 2
Bonus 6: 0 0 0 0 0 0 0 0 0 0 0 0 1 2 0 2
Bonus 7: 0 0 0 0 0 0 0 0 0 0 0 0 1 2 0 2
Bonus 8: 0 0 0 0 0 0 0 0 0 0 0 0 1 2 0 2
Bonus 9: 0 0 0 0 0 0 0 0 0 0 0 0 1 2 0 2
Bonus 10: 0 0 0 0 0 0 0 0 0 0 0 0 1 2 0 2
Bonus 11: 0 0 0 0 0 0 0 0 0 0 0 0 1 2 0 2
Bonus 12: 0 0 0 0 0 0 0 0 0 0 0 0 1 2 0 2
Bonus 13: 0 0 0 0 0 0 0 0 0 0 0 0 1 2 0 2
Bonus 14: 0 0 0 0 0 0 0 0 0 0 0 0 1 2 0 2
Bonus 15: 0 0 0 0 0 0 0 0 0 0 0 0 1 2 0 2
AttrType 2
Bonus 1: 0 0 0 0 0 0 0 0 0 0 0 1 0 0 0 0
Bonus 2: 0 0 0 0 0 1 0 0 0 0 0 1 0 0 0 0
Bonus 3: 0 0 0 0 0 1 2 0 0 0 0 1 0 0 0 0
Bonus 4: 0 0 0 0 0 1 2 0 0 0 0 2 0 0 0 0
Bonus 5: 0 0 0 0 0 2 2 0 0 0 0 2 0 0 0 0
Bonus 6: 0 0 0 0 0 2 4 0 0 0 0 2 0 0 0 0
Bonus 7: 0 0 0 0 0 2 4 0 0 0 0 2 0 0 0 0
Bonus 8: 0 0 0 0 0 2 4 0 0 0 0 2 0 0 0 0
Bonus 9: 0 0 0 0 0 2 4 0 0 0 0 2 0 0 0 0
Bonus 10: 0 0 0 0 0 2 4 0 0 0 0 2 0 0 0 0
Bonus 11: 0 0 0 0 0 2 4 0 0 0 0 2 0 0 0 0
Bonus 12: 0 0 0 0 0 2 4 0 0 0 0 2 0 0 0 0
Bonus 13: 0 0 0 0 0 2 4 0 0 0 0 2 0 0 0 0
Bonus 14: 0 0 0 0 0 2 4 0 0 0 0 2 0 0 0 0
Bonus 15: 0 0 0 0 0 2 4 0 0 0 0 2 0 0 0 0
AttrType 3
Bonus 1: 0 0 1 0 0 0 0 0 0 0 0 0 0 0 0 0
Bonus 2: 0 0 1 0 0 0 0 1 0 0 0 0 0 0 0 0
Bonus 3: 0 0 2 0 0 0 0 1 0 0 0 0 0 0 0 0
Bonus 4: 0 0 2 0 0 0 0 2 0 0 0 0 0 0 0 0
Bonus 5: 0 0 2 0 0 0 0 2 0 0 0 0 0 0 0 0
Bonus 6: 0 0 2 0 0 0 0 2 0 0 0 0 0 0 0 0
Bonus 7: 0 0 2 0 0 0 0 2 0 0 0 0 0 0 0 0
Bonus 8: 0 0 2 0 0 0 0 2 0 0 0 0 0 0 0 0
Bonus 9: 0 0 2 0 0 0 0 2 0 0 0 0 0 0 0 0
Bonus 10: 0 0 2 0 0 0 0 2 0 0 0 0 0 0 0 0
Bonus 11: 0 0 2 0 0 0 0 2 0 0 0 0 0 0 0 0
Bonus 12: 0 0 2 0 0 0 0 2 0 0 0 0 0 0 0 0
Bonus 13: 0 0 2 0 0 0 0 2 0 0 0 0 0 0 0 0
Bonus 14: 0 0 2 0 0 0 0 2 0 0 0 0 0 0 0 0
Bonus 15: 0 0 2 0 0 0 0 2 0 0 0 0 0 0 0 0
AttrType 4
Bonus 1: 0 0 0 0 0 0 0 0 0 0 1 0 0 0 0 0
Bonus 2: 0 0 0 0 1 0 0 0 0 0 1 0 0 0 0 0
Bonus 3: 0 0 0 0 1 0 0 0 0 0 2 0 0 0 0 0
Bonus 4: 0 0 0 0 2 0 0 0 0 0 2 0 0 0 0 0
Bonus 5: 0 0 0 1 2 0 0 0 0 0 2 0 0 0 0 0
Bonus 6: 0 0 0 2 2 0 0 0 0 0 2 0 0 0 0 0
Bonus 7: 0 0 0 2 2 0 0 0 0 0 2 0 0 0 0 0
Bonus 8: 0 0 0 2 2 0 0 0 0 0 2 0 0 0 0 0
Bonus 9: 0 0 0 2 2 0 0 0 0 0 2 0 0 0 0 0
Bonus 10: 0 0 0 2 2 0 0 0 0 0 2 0 0 0 0 0
Bonus 11: 0 0 0 2 2 0 0 0 0 0 2 0 0 0 0 0
Bonus 12: 0 0 0 2 2 0 0 0 0 0 2 0 0 0 0 0
Bonus 13: 0 0 0 2 2 0 0 0 0 0 2 0 0 0 0 0
Bonus 14: 0 0 0 2 2 0 0 0 0 0 2 0 0 0 0 0
Bonus 15: 0 0 0 2 2 0 0 0 0 0 2 0 0 0 0 0
AttrType 5
Bonus 1: 0 0 0 0 0 0 0 0 0 0 0 0 0 0 0 0
Bonus 2: 0 0 0 0 0 0 0 0 0 0 0 0 0 0 0 0
Bonus 3: 0 0 0 0 0 0 0 0 0 0 0 0 0 0 0 0
Bonus 4: 0 0 0 0 0 0 0 0 0 0 0 0 0 0 0 0
Bonus 5: 0 0 0 0 0 0 0 0 0 0 0 0 0 0 0 0
Bonus 6: 0 0 0 0 0 0 0 0 0 0 0 0 0 0 0 0
Bonus 7: 0 0 0 0 0 0 0 0 0 0 0 0 0 0 0 0
Bonus 8: 0 0 0 0 0 0 0 0 0 0 0 0 0 0 0 0
Bonus 9: 0 0 0 0 0 0 0 0 0 0 0 0 0 0 0 0
Bonus 10: 0 0 0 0 0 0 0 0 0 0 0 0 0 0 0 0
Bonus 11: 0 0 0 0 0 0 0 0 0 0 0 0 0 0 0 0
Bonus 12: 0 0 0 0 0 0 0 0 0 0 0 0 0 0 0 0
Bonus 13: 0 0 0 0 0 0 0 0 0 0 0 0 0 0 0 0
Bonus 14: 0 0 0 0 0 0 0 0 0 0 0 0 0 0 0 0
Bonus 15: 0 0 0 0 0 0 0 0 0 0 0 0 0 0 0 0
