2 221 1800
7 2165 1200
10 745 30
11 747 1800
13 2170 1800
19 746 16
20 748 1800
25 750 1200
28 752 64
30 2174 16
31 2173 640
32 746 20
35 228 3600
39 2175 32
41 6342 1200
42 755 1200
46 2228 64
47 2176 1200
49 756 16
51 3936 32
53 3104 2400
54 3943 320
55 2230 64
62 2231 320
63 2177 16
65 760 32
66 230 7200
67 228 32
70 2232 16
75 3932 64
77 2234 12
78 3935 1800
79 3933 32
84 2059 900
85 760 30
86 4434 6
87 4824 32
88 4648 64
89 5831 64
90 5832 64
91 5906 1200
92 5907 1200
93 5908 1200
94 5909 1200
95 5910 1200
97 2942 320
98 2943 960
100 2945 960
101 2946 320
102 2947 64
103 2948 320
104 2949 192
105 2950 192
106 2951 192
108 3909 960
109 3910 960
110 3911 32
113 2277 640
114 3941 640
116 3942 640
128 2186 1200
132 4396 32
133 4395 16
136 2180 1200
137 2184 1200
146 2285 64
147 2182 960
148 2246 960
149 2247 960
150 2249 960
151 2250 64
152 2181 32
154 2286 960
155 2288 960
156 2251 16
157 2243 320
158 2287 960
159 5829 960
160 2241 16
162 2242 960
165 2248 960
166 1799 16
167 2252 960
168 4400 960
169 4401 64
170 4402 192
172 5830 192
173 5826 192
174 5833 64
175 5825 960
180 6531 1200
181 6590 60
182 6508 60
185 6523 60
187 6586 60
190 6519 300
191 6512 2
192 6588 60
193 6988 3
200 6813 1200
201 6525 8
203 6578 32
205 6527 300
207 7020 2
208 6577 32
210 6507 600
211 6530 5
212 7020 12
213 6576 32
215 6505 300
216 6506 64
218 6575 32
713 3935 1800
931 7245 1500
932 7246 1500
933 7247 1500
934 7248 1500
935 7249 1500
936 7250 1500
937 7251 1500
938 7252 1500
939 7253 1500
940 7254 1500
941 7255 1500
942 7256 1500