; desc num
311
431
617
677
797
872
923
1011
1012
1014
1097
1204
1243
1618
1688
1755
1756
1757
1758
1905
1906
1907
1908
1909
1910
1911
1912
1913
1914
1915
1916
1919
1920
1921
1922
1923
1930
1945
1961
2022
2023
2024
2025
2026
2027
2028
2029
2030
2031
2032
2033
2034
2077
2078
2079
2088
2090
2091
2223
2224
2239
2240
2241
2242
2243
2244
2245
2246
2247
2248
2253
2264
2265
2266
2270
2292
2350
2351
2352
2353
2354
2359
2363
2364
2365
2366
2367
2369
2378
2400
2401
2402
2403
2411
2413
2414
2415
2416
2417
2418
2419
2420
2421
2422
2424
2426
2427
2428
2429
2530
2531
2532
2533
2534
2535
2540
2541
2542
2564
2565
2566
2567
2568
2569
2570
2627
2648
2649
2650
2651
2652
2653
2654
2678
2679
2680
2681
2682
2683
2684
2687
2710
2712
2715
2754
2764
2766
2768
2777
2857
2884
2989
2999
3000
3002
3003
3004
3011
3012
3018
3056
3057
3058
3059
3151
3158
3189
3190
3191
3192
3196
3197
3198
3198
3202
3203
3205
3206
3209
3211
3213
3215
3216
3217
3218
3220
3244
3245
3246
3278
3279
3280
3281
3282
3283
3284
3285
3286
3287
3288
3289
3290
3291
3292
3293
3294
3295
3296
3297
3298
3299
3300
3301
3302
3303
3304
3305
3306
3307
3308
3309
3310
3311
3312
3313
3314
3315
3334
3335
3336
3337
3338
3339
3340
3341
3342
3347
3349
3351
3353
3355
3357
3361
3364
3367
3369
3370
3371
3393
3394
3395
3396
3397
3398
3399
3400
3401
3402
3422
3423
3452
3459
3460
3461
3482
3483
3484
3485
3486
3487
3488
3490
3491
3491
3492
3500
3506
3507
3521
3568
3569
3588
3589
3598
3613
3614
3615
3617
3618
3619
3620
3621
3622
3623
3624
3625
3626
3627
3628
3629
3630
3631
3632
3633
3634
3635
3636
3637
3638
3639
3640
3641
3642
3643
3644
3645
3646
3647
3648
3710
3711
3715
3746
3747
3748
3749
3750
3751
3752
3753
3754
3755
3756
3757
3758
3759
3760
3761
3762
3784
3786
3787
3788
3789
3945
3946
3979
3980
3981
3982
3983
3984
3988
3991
3992
3993
3994
3995
3996
3997
3998
3999
4000
4001
4002
4003
4004
4006
4009
4010
4013
4014
4015
4020
4021
4022
4023
4024
4025
4026
4027
4032
4033
4034
4035
4036
4037
4039
4040
4041
4048
4049
4050
4051
4052
4054
4055
4056
4057
4065
4066
4096
4098
4099
4100
4101
4102
4103
4104
4105
4106
4107
4119
4120
4121
4122
4123
4207
4248
4249
4250
4251
4252
4253
4254
4255
4256
4257
4258
4259
4260
4261
4262
4263
4264
4324
4341
4342
4343
4344
4345
4348
4351
4353
4357
4358
4403
4405
4429
4430
4442
4445
4446
4447
4448
4449
4450
4451
4452
4469
4479
4480
4481
4482
4483
4484
4485
4502
4503
4504
4505
4506
4507
4508
4509
4510
4511
4512
4513
4514
4515
4516
4517
4518
4519
4520
4521
4522
4523
4524
4525
4526
4527
4528
4529
4530
4531
4532
4533
4534
4535
4536
4537
4538
4539
4540
4541
4542
4543
4544
4546
4547
4548
4549
4550
4551
4552
4553
4554
4555
4556
4557
4558
4559
4560
4561
4562
4563
4564
4565
4566
4567
4568
4569
4570
4572
4573
4576
4579
4580
4581
4582
4583
4584
4585
4586
4587
4588
4589
4590
4595
4598
4600
4601
4602
4603
4604
4605
4606
4607
4611
4612
4613
4616
4617
4618
4619
4620
4621
4622
4627
4628
4629
4630
4631
4632
4633
4634
4635
4636
4637
4638
4639
4640
4643
4644
4648
4649
4650
4651
4657
4658
4659
4660
4661
4662
4665
4666
4667
4668
4669
4670
4671
4672
4673
4674
4675
4676
4677
4678
4679
4680
4681
4682
4683
4684
4685
4686
4687
4688
4689
4690
4695
4696
4697
4698
4699
4700
4836
4837
4855
4856
4857
4858
4859
4860
4861
4862
4874
4875
4876
4877
4878
4879
4880
4924
4925
4926
4927
4940
4941
4964
4965
4966
4967
4968
4976
4977
4979
4980
4981
4982
4983
4984
5017
5018
5021
5022
5023
5024
5026
5027
5028
5044
5045
5046
5104
5105
5115
5116
5117
5118
5119
5120
5121
5122
5123
5124
5125
5126
5127
5128
5129
5132
5133
5134
5135
5136
5137
5138
5139
5145
5146
5147
5148
5149
5150
5151
5152
5153
5154
5155
5156
5157
5158
5159
5160
5161
5171
5172
5173
5174
5175
5176
5177
5178
5179
5180
5181
5182
5183
5184
5185
5186
5188
5189
5192
5193
5194
5195
5196
5197
5198
5204
5205
5206
5211
5212
5215
5025
5246
5247
5275
5304
5305
5320
5321
5322
5323
5348
5349
5350
5356
5357
5358
5359
5360
5361
5363
5364
5365
5366
5411
5426
5429
5448
5469
5470
5471
5472
5473
5474
5475
5476
5477
5478
5479
5504
5508
5518
5523
5554
5555
5556
5557
5558
5559
5560
5561
5562
5563
5564
5566
5567
5568
5570
5571
5572
5579
5580
5581
5582
5583
5584
5585
5586
5587
5588
5589
5591
5592
5593
5594
5595
5596
5597
5598
5599
5600
5601
5602
5603
5604
5605
5606
5607
5608
5609
5610
5611
5612
5613
5614
5615
5616
5617
5618
5619
5620
5621
5622
5623
5624
5625
5626
5627
5628
5629
5630
5631
5632
5633
5634
5635
5636
5637
5638
5639
5640
5641
5642
5643
5644
5645
5646
5647
5648
5649
5662
5668
5670
5671
5672
5673
5674
5675
5676
5677
5678
5679
5680
5730
5731
5732
5733
5734
5735
5736
5737
5738
5739
5740
5741
5771
5772
5773
5774
5775
5779
5780
5781
5782
5802
5803
5804
5805
5806
5807
5808
5809
5810
5811
5812
5813
5814
5815
5816
5817
5818
5819
5820
5821
5822
5823
5824
5825
5826
5827
5828
5829
5830
5831
5832
5833
5834
5835
5836
5837
5838
5839
5840
5841
5842
5843
5844
5845
5846
5847
5848
5849
5850
5851
5852
5853
5854
5855
5856
5857
5858
5859
5860
5861
5862
5863
5864
5865
5878
5879
5880
5881
5882
5883
5884
5886
5887
5895
5896
5897
5898
5899
5959
5964
6347
6348
6398
6400
6401
6402
6403
6404
6405
6406
6407
6408
7921
7922
7923
7924
