516
914 1908	; icon desc
912 1961
927 1911
915 1923
920 1922
919 1905
918 1920
926 1921
909 1916
921 1919
923 1912
925 1913
924 1914
922 1915
1039 2411
958 2540
952 2027
958 2090
59 2022
139 2023
441 313
953 2024
947 2025
917 2026
59 2088
934 2033
935 2034
938 2078
946 2079
59 2030
945 2031
944 2032
940 2029
957 2091
1041 2413
1042 2414
1042 2415
1042 2416
1042 2417
1042 2418
1042 2419
1042 2420
958 2421
1043 2422
958 2541
992 2223
993 2223
990 2221
991 2221
985 2221
989 2222
987 2222
988 2222
957 2224
1001 2245
996 2248
997 2247
998 2246
1005 2240
1010 2253
957 2264
1002 2242
1003 2241
1006 2239
957 2292
999 2244
1008 2266
1008 2252
1000 2243
957 2270
1004 2378
957 2265
1045 2424
1047 2426
1049 2428
998 2429
958 2542
1015 2349
1012 2346
1013 2347
1014 2348
1021 2363
1022 2364
1023 2365
1024 2366
1025 2367
1321 2653
1322 2654
1318 2649
1048 2427
1046 2650
1319 2651
1320 2884
1320 2652
1780 3491
238 3569
479 3487
917 3485
958 3486
1781 3490
59 3488
304 3492
242 3522
958 3568
1780 3484
43 3588
958 3589
1028 3598
1761 3372
2321 4778
2297 4479
2310 4482
2311 4483
2312 4484
2313 4485
2308 4502
2308 4503
2308 4504
2308 4505
2308 4507
2308 4508
2308 4509
2308 4511
2308 4512
2308 4513
2306 4514
2306 4517
2306 4520
2291 4523
2291 4524
2291 4525
2291 4526
2293 4527
2293 4528
2293 4529
2293 4530
2295 4531
2295 4532
2295 4533
2295 4534
2289 4535
2289 4536
2289 4537
2289 4538
2307 4543
2307 4544
2307 4545
2307 4546
2307 4551
2307 4552
2307 4553
2307 4554
2307 4559
2307 4560
2307 4561
2307 4562
2307 4567
2307 4568
2307 4569
2307 4570
2285 4579
2285 4580
2286 4581
2287 4582
2283 4583
2283 4584
2283 4585
2283 4586
2287 4587
2287 4588
2287 4589
2287 4590
2018 4567
1760 4658
1760 4659
1760 4660
1760 4661
1760 4662
2018 4469
2265 499
2261 500
2263 503
1760 4353
2177 4357
2178 4345
2179 4348
2181 4349
2183 4344
2169 4351
2170 4358
1760 4470
2108 4665
2122 4667
2121 4668
2119 4669
2077 4158
2120 4670
2099 4671
2088 4672
2087 4167
2098 4673
2086 4674
2085 4168
2100 4675
2097 4677
2084 4678
2083 4170
2101 4679
2102 4680
2093 4174
2095 4681
2096 4682
2094 4683
2078 4176
2079 4177
2126 4178
2113 4179
2114 4180
2092 4182
2107 4684
2112 4685
2115 4686
2123 4187
2124 4188
2125 4189
2116 4190
2117 4198
2118 4687
2111 4689
2110 4690
2067 4058
2068 4059
2069 4060
2070 4061
2246 4393 
2247 4394 
2248 4395 
2249 4396 
2250 4397 
2251 4398 
2252 4399 
2253 4400 
2254 4401 
2255 4402
2257 4404
2258 4405
2246 4406
2247 4407
2248 4408
2249 4409
2250 4410
2251 4411
2252 4412
2253 4413
2254 4414
2255 4415
957 4455
2106 4666
2091 4676
2090 4169
2089 4175
2105 4181
2104 4185
2109 4688
1156 4339
2256 4403
2185 4416
2186 4417
2187 4418
2188 4419
2189 4420
2190 4421
2192 4422
2193 4423
2195 4424
2196 4425
2197 4426
2198 4427
2199 4428
2202 4431
2203 4432
2204 4433
2205 4434
2206 4435
2207 4436
2208 4437
2209 4438
2210 4439
2211 4440
2212 4441
2215 4443
2216 4444
957 4592
2319 4354
2313 4484
2315 4485
2285 4581
2285 4582
1161 4624
678 4628
675 4629
677 4630
676 4631
683 4632
680 4633
682 4634
681 4635
688 4636
685 4637
687 4638
686 4639
2018 4657
1804 4572
1716 4573
2167 4643
912 4575
2428 4644
2015 4009
2420 4600
2421 4601
2422 4602
2423 4603
2424 4604
2425 4605
2426 4606
2427 4607
2411 4611
2412 4612
2413 4695
2414 4696
2415 4697
2416 4698
2417 4699
2418 4670
2419 4576
1347 4613
2326 4616
2327 4617
2329 4618
2323 4621
2372 4406
2373 4407
2374 4408
2375 4409
2376 4410
2377 4411
2378 4412
2379 4413
2380 4414
2381 4415
1938 3880
1940 3882
1942 3884
1944 3886
2418 4700
2324 4619
2325 4620
2328 4622
2429 4627
2553 5024
2554 5025
2556 5026
324 5027
2557 5028
2598 4358
1760 5017
1760 5018
2560 5023
1760 5159
2551 5021
2552 5021
2474 5103
2476 5104
2478 5105
313 5115
1760 5211
1760 5212
1760 5215
2599 5235
2101 5616
2096 5617
2018 5618
2018 5619
2018 5620
2018 5621
2018 5622
43 5628
2478 5629
2476 5630
1020 5631
999 5469
1396 5633
2557 5634
2295 5635
2293 5636
2095 5638
865 5639
938 5640
1206 5641
3034 5642
2556 5643
2215 5644
1036 5645
2018 5647
3276 5648
3039 5649
917 5730
2018 5672
2018 5673
2018 5674
2018 5675
1531 5731
472 5732
2998 5670
43 5676
917 5677
3000 5671
3002 5646
2093 5678
2018 5679
3039 5733
1036 5734
2018 5680
2018 5736
2018 5737
2018 5895
3031 5738
2018 5739
2018 5740
2094 5637
2094 5771
2094 5772
1645 5623
2095 5773
2095 5774
2018 5775
917 5779
917 5780
2456 5781
59 6093
591 6348
2018 5887
1424 5964
474 5624
474 5625
474 5626
474 5627
2257 6075
958 6076
991 6074
2557 5893
991 5894
919 5900

