;Amor ---------------------------------------------------------------


; fabric amor,robe and fabric etc include
[2800] 110 287 527 900 956 978 1229 1237 1330 1486 1519 1522 1663 1902 1909 2000 2074 2075 2551 2552 2562 2685 2686 2687 2688 2689 2690 2691 2973


; leather amor and wood etc include
[2801] 51 109 442 459 458 459 460 462 539 540 541 542 898 901 975 977 982 983 1196 1197 1198 1199 1200 1337 1490 1509 1533 1630 1768 2103 2538


; metal amor and iron metall etc include
[2802] 10 26 73 86 89 102 443 510 695 696 899 930 1201 1246 1327 1329 1895 2282 1793


;bone amor and bone etc include
[2803] 448 1980 1955 1994 2035 3024 3285 3286


;gem amor and gold silver bronze gem etc include
[2804] 32 275 281 302 960 1256 1642 2034 2162


;leather helmet and wood etc
[2805] 53 267 451 445 456 895 903 908 913 1050 1527 1628 1764 1866 1903 2517


;bone helmet and etc
[2806] 453 950 951 1994 1976 1993 2043 2259 3292 3283


;metal helmet and metalic gem circlet etc
[2807] 52 54 55 166 167 168 170 184 507 511 713 714 959 969 1178 1204 1245 1420 1641 1896 2163 1797 3488 3489 3490


;fabric mask and mask etc
[2808] 526 714 915 916 1001 1038 1231 1232 1233 1234 1319 2044 2232 2271 2466 2660 2661 2662 2663 3236 3240 3244 3248 3252 3256 3260 3264 3265 3269 3273 3277 3281 3285 3289 3293 3326 3345 3346 3475 3484 3474 3486 3487 3485 3481 3482 3479 3477 3476 3478 3483 3480


;wood shield and etc
[2809] 97 449 450 457 954 1973 2041 2081 3328


;metal shield and etc
[2810] 61 93 95 114 137 177 183 332 508 979 1202 1203 1331 1660 1900 1874 2040 2201 1798


;leather gloves and etc
[2811] 141 327 328 710 711 971 1011 1040 1076 1526 1631 1632 1633 1634 1665 1765 1905 1911 1877 3041


;bone gloves and etc
[2812] 1990 1967 2008 2042


;gauntlet and metal etc
[2813] 506 712 707 708 709 962 1244 1095 1640 1898 2037 2165 2522 1796 3231 3324


;cloak all including this sound file
[2814] 27 28 29 30 69 265 272 907 941 978 972 1007 1053 1074 1077 1081 1082 1087  1092 1094 1223 1248 1249 1339 1510 1514 1515 1667 1767 1897 1904 1908 1979 1966 2006 2164 3004 3023


;leather belt and etc
[2815] 264 460 631 632 633 634 635 636 697 698 699 1009 1168 1169 1170 1071 1916 2904 3230


;metal belt and etc
[2816] 3045 3493 3494 3495


;small boot and fabric etc
[2817] 461 1052 1093 1238


;sandles and leather small etc
[2818] 65 447 452 461 1230


;chain leather boots and etc
[2819] 435 700 703 704 964 1258 1044 1325 1489 1525 1766 1906 1910 2004 2036 2039 2130 2835 2837 2839 2841 2843 2845 2847 2849 2851 2853 2855 2857 2859 2861 2863 2865


;metal boots and etc
[2820] 509 701 702 961 1247 1639 1669 1899 2166 1794


;all amulet
[2821] 304 609 610 611 612 613 637 638 639 640 641 642 665 690 691 692 693 694 1165 1184 1187 1188 1189 1190 1191 1192 1193 1254 1485 1517 1518 1521 1547 1613 1769 1617 1913 2002 2025 2028 2031 2026 2172 2217 2218 2219 2220 2221 2222 2223 2224 2234 2235 2470 2506 2666 2891 2893


;all ring
[2822] 87 625 626 627 628 629 630 666 667 668 669 670 905 994 986 981 1026 1027 1028 1029 1037 1194 1195 1235 1236 1252 1253 1344 1496 1548 1549 1615 1637 1770 1772 1774 1776 1865 1912 2010 2066 2173 2298 2300 2302 2304 2601 2668 2670 2671 2673 2675 2895 2921 3055 3332 3334 3499 3501 3503 3505 3507 3509


;all book
[2823] 906 909 1907


;all gemstone
[2824] 315 316 317 1003 1017 1878 2065 2064 2047 2048 3008 3010 3012 3014


;circlet of eva
<2847> 2269


;gem powder firework
<356> 2456


;magic pottery horoscope1
<4400> 2592


;solution
{2850} 2606

;Weapon-------------------------------------------------


;using one hand - short , small sword
[2825] 33 34 35 103 105 106 144 322 325 156 1317 1332 1341 1629 1635 1995 1872 2170 2524 1795 2651 2913


;using one hand - normal sword
[2826] 2  21 58 88 103 104 151 155 163 276 298 321 441 902 932 1010 1016 1019 1241 1243 1250 1259 1335 1511 1650 1720 1778 1779 1917 1921 1947 1871 1894 1181 2160 2523 2535 2911 3018 3020


;using two hand - two blade doublesword
[2827] 1072 1085 1064 1067 1078 1069 1083 1088 1090 1260 1324 1512 1656 1785 1914 1920 1949 1875 2527 3049 3261


;using two hand - one blade greatsword
[2828] 4 50 438 463 897 984 1918 1945 1876 1893 2193 2525 3017 3022 3033 3047 3056 3259 2917


;using one hand - spear mace hammer axe etc
[2829] 1 8 42 45 48 57 67 68 72 99 100 101 108 111 112 1333 1658 2009 2213 2228 2526 2529 2909


;using two hand - spear mace hammer axe etc
[2830] 9 11 13 38 41 50 60 66 84 90 115 119 171 172 173 439 974 980 1627 2200 2226 2919 3269 3330


;staff club etc
[2831] 31 83 113 291 292 293 297 939 1020 1239 1255 1257 1334 1487 1516 1654 2080 2082 2534 2915 3265

;iron staff
[2840] 1901 1919 1953 2161 2528 2528 3016 3051

;using claw etc
[2832] 1073 1086 1065 1068 1070 1079 1084 1089 1091 1240 1242 1534 1721 1915 1951 2225 2530 2536


;using arow
[2833] 20


;using shot bow
[2834] 305 896 1066 1075 1080 1251 1328 1336 1513 1719 1873 2230


;using long bow 3053
[2835] 18 19 123 279 705 1008 1018 931 1326 1652 2005 2168 2531 2537 3271

;earing
[2839] 1981 1982 1983 1984 1985 1986 1987 1988 1989 2007 2017 2030 2029 2032 2027 5255 2131 2132 2133 2134 2135 2136 2137 2138 2139 2140 2175 2176 2174 2317 2664


;eating A food etc
<2841>25 40 63 71 124 125 126 127 128 129 130 309 488 512 513 514 515  556 936 995 1205 1418 1419 1396 1397 1157 1158 1159 1160 2158 2260 2602 3281 3341 

;eating B food
<2846> 2330 2331 2332 2333 2334 2335 2613 2614 2629 2630 2631 2632 3342


;garae dduck
<3966> 2358


;boiled
{3967} 2361 2368 2369 2370


;eating rice cake soup
<3968> 2361


;mail etc
<2842> 464 465 606 607 616 617 3343 3344


;all map
<2843> 479 1138


;all turn on off
<2844> 3 24 140


;lugbag
<2845> 2159 1208 2273 2359 3286 3288

;heart of MY
<2848> 2439

;portrait of MY
<109> 2440 2443

;ruby of taras
[2849] 2446

;transform to potion
[114] 2627 2633 2635 2637

;evil horn
[4758] 2992

;element whisper
[4759] 2994

;evil destroy potion
[4760] 2996

;soul flute of solshaika
[4768] 999

;Event-----------------------------------------------------------

;world cup
<3267> 2076

;cola can
<3370> 2127 2128

;coin 6th
<3371> 2129 3255 3257 3267 3273

;koei package picot hammer transform
[1684] 2509

;pot of magic(japan)
<4407> 2469

;pumpkin armor equip
[4411] 2653

;wet armor
[2851] 2620

;wet cloak
[2852] 2621

;wet shield
[2853] 2622

;wet boots
[2854] 2623

;wet gloves
[2855] 2624

;wet helmet
[2856] 2625

;potion of love
[4582] 2310

; Agit Funiture
<4623> 2539 2740 2741 2742 2743 2744 2745 2746 2747

;leafcrown
[2837] 3290 3294

;Valetine paper box
[2808] 3339 3340 3511

;Japan Paid Potion
[4972] 3460 3459 3457 3458 3456 3469 3472 3473 3470 3471 3454 3455